1: [1, 2, 7, 4, 5, 6]
2: [1, 2, 7, 4, 6, 5]
3: [1, 2, 7, 5, 4, 6]
4: [1, 2, 7, 5, 6, 4]
5: [1, 2, 7, 6, 4, 5]
6: [1, 2, 7, 6, 5, 4]
7: [1, 4, 2, 5, 6, 7]
8: [1, 4, 2, 5, 7, 6]
9: [1, 4, 2, 6, 5, 7]
10: [1, 4, 2, 6, 7, 5]
11: [1, 4, 2, 7, 5, 6]
12: [1, 4, 2, 7, 6, 5]
13: [1, 4, 5, 2, 6, 7]
14: [1, 4, 5, 2, 7, 6]
15: [1, 4, 5, 6, 2, 7]
16: [1, 4, 5, 6, 7, 2]
17: [1, 4, 5, 7, 2, 6]
18: [1, 4, 5, 7, 6, 2]
19: [1, 4, 6, 2, 5, 7]
20: [1, 4, 6, 2, 7, 5]
21: [1, 4, 6, 5, 2, 7]
22: [1, 4, 6, 5, 7, 2]
23: [1, 4, 6, 7, 2, 5]
24: [1, 4, 6, 7, 5, 2]
25: [1, 4, 7, 2, 5, 6]
26: [1, 4, 7, 2, 6, 5]
27: [1, 4, 7, 5, 2, 6]
28: [1, 4, 7, 5, 6, 2]
29: [1, 4, 7, 6, 2, 5]
30: [1, 4, 7, 6, 5, 2]
31: [1, 5, 2, 4, 6, 7]
32: [1, 5, 2, 4, 7, 6]
33: [1, 5, 2, 6, 4, 7]
34: [1, 5, 2, 6, 7, 4]
35: [1, 5, 2, 7, 4, 6]
36: [1, 5, 2, 7, 6, 4]
37: [1, 5, 4, 2, 6, 7]
38: [1, 5, 4, 2, 7, 6]
39: [1, 5, 4, 6, 2, 7]
40: [1, 5, 4, 6, 7, 2]
41: [1, 5, 4, 7, 2, 6]
42: [1, 5, 4, 7, 6, 2]
43: [1, 5, 6, 2, 4, 7]
44: [1, 5, 6, 2, 7, 4]
45: [1, 5, 6, 4, 2, 7]
46: [1, 5, 6, 4, 7, 2]
47: [1, 5, 6, 7, 2, 4]
48: [1, 5, 6, 7, 4, 2]
49: [1, 5, 7, 2, 4, 6]
50: [1, 5, 7, 2, 6, 4]
51: [1, 5, 7, 4, 2, 6]
52: [1, 5, 7, 4, 6, 2]
53: [1, 5, 7, 6, 2, 4]
54: [1, 5, 7, 6, 4, 2]
55: [1, 6, 2, 4, 5, 7]
56: [1, 6, 2, 4, 7, 5]
57: [1, 6, 2, 5, 4, 7]
58: [1, 6, 2, 5, 7, 4]
59: [1, 6, 2, 7, 4, 5]
60: [1, 6, 2, 7, 5, 4]
61: [1, 6, 4, 2, 5, 7]
62: [1, 6, 4, 2, 7, 5]
63: [1, 6, 4, 5, 2, 7]
64: [1, 6, 4, 5, 7, 2]
65: [1, 6, 4, 7, 2, 5]
66: [1, 6, 4, 7, 5, 2]
67: [1, 6, 5, 2, 4, 7]
68: [1, 6, 5, 2, 7, 4]
69: [1, 6, 5, 4, 2, 7]
70: [1, 6, 5, 4, 7, 2]
71: [1, 6, 5, 7, 2, 4]
72: [1, 6, 5, 7, 4, 2]
73: [1, 6, 7, 2, 4, 5]
74: [1, 6, 7, 2, 5, 4]
75: [1, 6, 7, 4, 2, 5]
76: [1, 6, 7, 4, 5, 2]
77: [1, 6, 7, 5, 2, 4]
78: [1, 6, 7, 5, 4, 2]
79: [1, 7, 2, 4, 5, 6]
80: [1, 7, 2, 4, 6, 5]
81: [1, 7, 2, 5, 4, 6]
82: [1, 7, 2, 5, 6, 4]
83: [1, 7, 2, 6, 4, 5]
84: [1, 7, 2, 6, 5, 4]
85: [1, 7, 4, 2, 5, 6]
86: [1, 7, 4, 2, 6, 5]
87: [1, 7, 4, 5, 2, 6]
88: [1, 7, 4, 5, 6, 2]
89: [1, 7, 4, 6, 2, 5]
90: [1, 7, 4, 6, 5, 2]
91: [1, 7, 5, 2, 4, 6]
92: [1, 7, 5, 2, 6, 4]
93: [1, 7, 5, 4, 2, 6]
94: [1, 7, 5, 4, 6, 2]
95: [1, 7, 5, 6, 2, 4]
96: [1, 7, 5, 6, 4, 2]
97: [1, 7, 6, 2, 4, 5]
98: [1, 7, 6, 2, 5, 4]
99: [1, 7, 6, 4, 2, 5]
100: [1, 7, 6, 4, 5, 2]
101: [1, 7, 6, 5, 2, 4]
102: [1, 7, 6, 5, 4, 2]
103: [2, 1, 4, 5, 6, 7]
104: [2, 1, 4, 5, 7, 6]
105: [2, 1, 4, 6, 5, 7]
106: [2, 1, 4, 6, 7, 5]
107: [2, 1, 4, 7, 5, 6]
108: [2, 1, 4, 7, 6, 5]
109: [2, 1, 5, 4, 6, 7]
110: [2, 1, 5, 4, 7, 6]
111: [2, 1, 5, 6, 4, 7]
112: [2, 1, 5, 6, 7, 4]
113: [2, 1, 5, 7, 4, 6]
114: [2, 1, 5, 7, 6, 4]
115: [2, 1, 6, 4, 5, 7]
116: [2, 1, 6, 4, 7, 5]
117: [2, 1, 6, 5, 4, 7]
118: [2, 1, 6, 5, 7, 4]
119: [2, 1, 6, 7, 4, 5]
120: [2, 1, 6, 7, 5, 4]
121: [2, 1, 7, 4, 5, 6]
122: [2, 1, 7, 4, 6, 5]
123: [2, 1, 7, 5, 4, 6]
124: [2, 1, 7, 5, 6, 4]
125: [2, 1, 7, 6, 4, 5]
126: [2, 1, 7, 6, 5, 4]
127: [2, 4, 1, 5, 6, 7]
128: [2, 4, 1, 5, 7, 6]
129: [2, 4, 1, 6, 5, 7]
130: [2, 4, 1, 6, 7, 5]
131: [2, 4, 1, 7, 5, 6]
132: [2, 4, 1, 7, 6, 5]
133: [2, 4, 5, 1, 6, 7]
134: [2, 4, 5, 1, 7, 6]
135: [2, 4, 5, 6, 1, 7]
136: [2, 4, 5, 6, 7, 1]
137: [2, 4, 5, 7, 1, 6]
138: [2, 4, 5, 7, 6, 1]
139: [2, 4, 6, 1, 5, 7]
140: [2, 4, 6, 1, 7, 5]
141: [2, 4, 6, 5, 1, 7]
142: [2, 4, 6, 5, 7, 1]
143: [2, 4, 6, 7, 1, 5]
144: [2, 4, 6, 7, 5, 1]
145: [2, 4, 7, 1, 5, 6]
146: [2, 4, 7, 1, 6, 5]
147: [2, 4, 7, 5, 1, 6]
148: [2, 4, 7, 5, 6, 1]
149: [2, 4, 7, 6, 1, 5]
150: [2, 4, 7, 6, 5, 1]
151: [2, 5, 1, 4, 6, 7]
152: [2, 5, 1, 4, 7, 6]
153: [2, 5, 1, 6, 4, 7]
154: [2, 5, 1, 6, 7, 4]
155: [2, 5, 1, 7, 4, 6]
156: [2, 5, 1, 7, 6, 4]
157: [2, 5, 4, 1, 6, 7]
158: [2, 5, 4, 1, 7, 6]
159: [2, 5, 4, 6, 1, 7]
160: [2, 5, 4, 6, 7, 1]
161: [2, 5, 4, 7, 1, 6]
162: [2, 5, 4, 7, 6, 1]
163: [2, 5, 6, 1, 4, 7]
164: [2, 5, 6, 1, 7, 4]
165: [2, 5, 6, 4, 1, 7]
166: [2, 5, 6, 4, 7, 1]
167: [2, 5, 6, 7, 1, 4]
168: [2, 5, 6, 7, 4, 1]
169: [2, 5, 7, 1, 4, 6]
170: [2, 5, 7, 1, 6, 4]
171: [2, 5, 7, 4, 1, 6]
172: [2, 5, 7, 4, 6, 1]
173: [2, 5, 7, 6, 1, 4]
174: [2, 5, 7, 6, 4, 1]
175: [2, 6, 1, 4, 5, 7]
176: [2, 6, 1, 4, 7, 5]
177: [2, 6, 1, 5, 4, 7]
178: [2, 6, 1, 5, 7, 4]
179: [2, 6, 1, 7, 4, 5]
180: [2, 6, 1, 7, 5, 4]
181: [2, 6, 4, 1, 5, 7]
182: [2, 6, 4, 1, 7, 5]
183: [2, 6, 4, 5, 1, 7]
184: [2, 6, 4, 5, 7, 1]
185: [2, 6, 4, 7, 1, 5]
186: [2, 6, 4, 7, 5, 1]
187: [2, 6, 5, 1, 4, 7]
188: [2, 6, 5, 1, 7, 4]
189: [2, 6, 5, 4, 1, 7]
190: [2, 6, 5, 4, 7, 1]
191: [2, 6, 5, 7, 1, 4]
192: [2, 6, 5, 7, 4, 1]
193: [2, 6, 7, 1, 4, 5]
194: [2, 6, 7, 1, 5, 4]
195: [2, 6, 7, 4, 1, 5]
196: [2, 6, 7, 4, 5, 1]
197: [2, 6, 7, 5, 1, 4]
198: [2, 6, 7, 5, 4, 1]
199: [2, 7, 1, 4, 5, 6]
200: [2, 7, 1, 4, 6, 5]
201: [2, 7, 1, 5, 4, 6]
202: [2, 7, 1, 5, 6, 4]
203: [2, 7, 1, 6, 4, 5]
204: [2, 7, 1, 6, 5, 4]
205: [2, 7, 4, 1, 5, 6]
206: [2, 7, 4, 1, 6, 5]
207: [2, 7, 4, 5, 1, 6]
208: [2, 7, 4, 5, 6, 1]
209: [2, 7, 4, 6, 1, 5]
210: [2, 7, 4, 6, 5, 1]
211: [2, 7, 5, 1, 4, 6]
212: [2, 7, 5, 1, 6, 4]
213: [2, 7, 5, 4, 1, 6]
214: [2, 7, 5, 4, 6, 1]
215: [2, 7, 5, 6, 1, 4]
216: [2, 7, 5, 6, 4, 1]
217: [2, 7, 6, 1, 4, 5]
218: [2, 7, 6, 1, 5, 4]
219: [2, 7, 6, 4, 1, 5]
220: [2, 7, 6, 4, 5, 1]
221: [2, 7, 6, 5, 1, 4]
222: [2, 7, 6, 5, 4, 1]
223: [4, 1, 2, 5, 6, 7]
224: [4, 1, 2, 5, 7, 6]
225: [4, 1, 2, 6, 5, 7]
226: [4, 1, 2, 6, 7, 5]
227: [4, 1, 2, 7, 5, 6]
228: [4, 1, 2, 7, 6, 5]
229: [4, 1, 5, 2, 6, 7]
230: [4, 1, 5, 2, 7, 6]
231: [4, 1, 5, 6, 2, 7]
232: [4, 1, 5, 6, 7, 2]
233: [4, 1, 5, 7, 2, 6]
234: [4, 1, 5, 7, 6, 2]
235: [4, 1, 6, 2, 5, 7]
236: [4, 1, 6, 2, 7, 5]
237: [4, 1, 6, 5, 2, 7]
238: [4, 1, 6, 5, 7, 2]
239: [4, 1, 6, 7, 2, 5]
240: [4, 1, 6, 7, 5, 2]
241: [4, 1, 7, 2, 5, 6]
242: [4, 1, 7, 2, 6, 5]
243: [4, 1, 7, 5, 2, 6]
244: [4, 1, 7, 5, 6, 2]
245: [4, 1, 7, 6, 2, 5]
246: [4, 1, 7, 6, 5, 2]
247: [4, 2, 1, 5, 6, 7]
248: [4, 2, 1, 5, 7, 6]
249: [4, 2, 1, 6, 5, 7]
250: [4, 2, 1, 6, 7, 5]
251: [4, 2, 1, 7, 5, 6]
252: [4, 2, 1, 7, 6, 5]
253: [4, 2, 5, 1, 6, 7]
254: [4, 2, 5, 1, 7, 6]
255: [4, 2, 5, 6, 1, 7]
256: [4, 2, 5, 6, 7, 1]
257: [4, 2, 5, 7, 1, 6]
258: [4, 2, 5, 7, 6, 1]
259: [4, 2, 6, 1, 5, 7]
260: [4, 2, 6, 1, 7, 5]
261: [4, 2, 6, 5, 1, 7]
262: [4, 2, 6, 5, 7, 1]
263: [4, 2, 6, 7, 1, 5]
264: [4, 2, 6, 7, 5, 1]
265: [4, 2, 7, 1, 5, 6]
266: [4, 2, 7, 1, 6, 5]
267: [4, 2, 7, 5, 1, 6]
268: [4, 2, 7, 5, 6, 1]
269: [4, 2, 7, 6, 1, 5]
270: [4, 2, 7, 6, 5, 1]
271: [4, 5, 1, 2, 6, 7]
272: [4, 5, 1, 2, 7, 6]
273: [4, 5, 1, 6, 2, 7]
274: [4, 5, 1, 6, 7, 2]
275: [4, 5, 1, 7, 2, 6]
276: [4, 5, 1, 7, 6, 2]
277: [4, 5, 2, 1, 6, 7]
278: [4, 5, 2, 1, 7, 6]
279: [4, 5, 2, 6, 1, 7]
280: [4, 5, 2, 6, 7, 1]
281: [4, 5, 2, 7, 1, 6]
282: [4, 5, 2, 7, 6, 1]
283: [4, 5, 6, 1, 2, 7]
284: [4, 5, 6, 1, 7, 2]
285: [4, 5, 6, 2, 1, 7]
286: [4, 5, 6, 2, 7, 1]
287: [4, 5, 6, 7, 1, 2]
288: [4, 5, 6, 7, 2, 1]
289: [4, 5, 7, 1, 2, 6]
290: [4, 5, 7, 1, 6, 2]
291: [4, 5, 7, 2, 1, 6]
292: [4, 5, 7, 2, 6, 1]
293: [4, 5, 7, 6, 1, 2]
294: [4, 5, 7, 6, 2, 1]
295: [4, 6, 1, 2, 5, 7]
296: [4, 6, 1, 2, 7, 5]
297: [4, 6, 1, 5, 2, 7]
298: [4, 6, 1, 5, 7, 2]
299: [4, 6, 1, 7, 2, 5]
300: [4, 6, 1, 7, 5, 2]
301: [4, 6, 2, 1, 5, 7]
302: [4, 6, 2, 1, 7, 5]
303: [4, 6, 2, 5, 1, 7]
304: [4, 6, 2, 5, 7, 1]
305: [4, 6, 2, 7, 1, 5]
306: [4, 6, 2, 7, 5, 1]
307: [4, 6, 5, 1, 2, 7]
308: [4, 6, 5, 1, 7, 2]
309: [4, 6, 5, 2, 1, 7]
310: [4, 6, 5, 2, 7, 1]
311: [4, 6, 5, 7, 1, 2]
312: [4, 6, 5, 7, 2, 1]
313: [4, 6, 7, 1, 2, 5]
314: [4, 6, 7, 1, 5, 2]
315: [4, 6, 7, 2, 1, 5]
316: [4, 6, 7, 2, 5, 1]
317: [4, 6, 7, 5, 1, 2]
318: [4, 6, 7, 5, 2, 1]
319: [4, 7, 1, 2, 5, 6]
320: [4, 7, 1, 2, 6, 5]
321: [4, 7, 1, 5, 2, 6]
322: [4, 7, 1, 5, 6, 2]
323: [4, 7, 1, 6, 2, 5]
324: [4, 7, 1, 6, 5, 2]
325: [4, 7, 2, 1, 5, 6]
326: [4, 7, 2, 1, 6, 5]
327: [4, 7, 2, 5, 1, 6]
328: [4, 7, 2, 5, 6, 1]
329: [4, 7, 2, 6, 1, 5]
330: [4, 7, 2, 6, 5, 1]
331: [4, 7, 5, 1, 2, 6]
332: [4, 7, 5, 1, 6, 2]
333: [4, 7, 5, 2, 1, 6]
334: [4, 7, 5, 2, 6, 1]
335: [4, 7, 5, 6, 1, 2]
336: [4, 7, 5, 6, 2, 1]
337: [4, 7, 6, 1, 2, 5]
338: [4, 7, 6, 1, 5, 2]
339: [4, 7, 6, 2, 1, 5]
340: [4, 7, 6, 2, 5, 1]
341: [4, 7, 6, 5, 1, 2]
342: [4, 7, 6, 5, 2, 1]
343: [5, 1, 2, 4, 6, 7]
344: [5, 1, 2, 4, 7, 6]
345: [5, 1, 2, 6, 4, 7]
346: [5, 1, 2, 6, 7, 4]
347: [5, 1, 2, 7, 4, 6]
348: [5, 1, 2, 7, 6, 4]
349: [5, 1, 4, 2, 6, 7]
350: [5, 1, 4, 2, 7, 6]
351: [5, 1, 4, 6, 2, 7]
352: [5, 1, 4, 6, 7, 2]
353: [5, 1, 4, 7, 2, 6]
354: [5, 1, 4, 7, 6, 2]
355: [5, 1, 6, 2, 4, 7]
356: [5, 1, 6, 2, 7, 4]
357: [5, 1, 6, 4, 2, 7]
358: [5, 1, 6, 4, 7, 2]
359: [5, 1, 6, 7, 2, 4]
360: [5, 1, 6, 7, 4, 2]
361: [5, 1, 7, 2, 4, 6]
362: [5, 1, 7, 2, 6, 4]
363: [5, 1, 7, 4, 2, 6]
364: [5, 1, 7, 4, 6, 2]
365: [5, 1, 7, 6, 2, 4]
366: [5, 1, 7, 6, 4, 2]
367: [5, 2, 1, 4, 6, 7]
368: [5, 2, 1, 4, 7, 6]
369: [5, 2, 1, 6, 4, 7]
370: [5, 2, 1, 6, 7, 4]
371: [5, 2, 1, 7, 4, 6]
372: [5, 2, 1, 7, 6, 4]
373: [5, 2, 4, 1, 6, 7]
374: [5, 2, 4, 1, 7, 6]
375: [5, 2, 4, 6, 1, 7]
376: [5, 2, 4, 6, 7, 1]
377: [5, 2, 4, 7, 1, 6]
378: [5, 2, 4, 7, 6, 1]
379: [5, 2, 6, 1, 4, 7]
380: [5, 2, 6, 1, 7, 4]
381: [5, 2, 6, 4, 1, 7]
382: [5, 2, 6, 4, 7, 1]
383: [5, 2, 6, 7, 1, 4]
384: [5, 2, 6, 7, 4, 1]
385: [5, 2, 7, 1, 4, 6]
386: [5, 2, 7, 1, 6, 4]
387: [5, 2, 7, 4, 1, 6]
388: [5, 2, 7, 4, 6, 1]
389: [5, 2, 7, 6, 1, 4]
390: [5, 2, 7, 6, 4, 1]
391: [5, 4, 1, 2, 6, 7]
392: [5, 4, 1, 2, 7, 6]
393: [5, 4, 1, 6, 2, 7]
394: [5, 4, 1, 6, 7, 2]
395: [5, 4, 1, 7, 2, 6]
396: [5, 4, 1, 7, 6, 2]
397: [5, 4, 2, 1, 6, 7]
398: [5, 4, 2, 1, 7, 6]
399: [5, 4, 2, 6, 1, 7]
400: [5, 4, 2, 6, 7, 1]
401: [5, 4, 2, 7, 1, 6]
402: [5, 4, 2, 7, 6, 1]
403: [5, 4, 6, 1, 2, 7]
404: [5, 4, 6, 1, 7, 2]
405: [5, 4, 6, 2, 1, 7]
406: [5, 4, 6, 2, 7, 1]
407: [5, 4, 6, 7, 1, 2]
408: [5, 4, 6, 7, 2, 1]
409: [5, 4, 7, 1, 2, 6]
410: [5, 4, 7, 1, 6, 2]
411: [5, 4, 7, 2, 1, 6]
412: [5, 4, 7, 2, 6, 1]
413: [5, 4, 7, 6, 1, 2]
414: [5, 4, 7, 6, 2, 1]
415: [5, 6, 1, 2, 4, 7]
416: [5, 6, 1, 2, 7, 4]
417: [5, 6, 1, 4, 2, 7]
418: [5, 6, 1, 4, 7, 2]
419: [5, 6, 1, 7, 2, 4]
420: [5, 6, 1, 7, 4, 2]
421: [5, 6, 2, 1, 4, 7]
422: [5, 6, 2, 1, 7, 4]
423: [5, 6, 2, 4, 1, 7]
424: [5, 6, 2, 4, 7, 1]
425: [5, 6, 2, 7, 1, 4]
426: [5, 6, 2, 7, 4, 1]
427: [5, 6, 4, 1, 2, 7]
428: [5, 6, 4, 1, 7, 2]
429: [5, 6, 4, 2, 1, 7]
430: [5, 6, 4, 2, 7, 1]
431: [5, 6, 4, 7, 1, 2]
432: [5, 6, 4, 7, 2, 1]
433: [5, 6, 7, 1, 2, 4]
434: [5, 6, 7, 1, 4, 2]
435: [5, 6, 7, 2, 1, 4]
436: [5, 6, 7, 2, 4, 1]
437: [5, 6, 7, 4, 1, 2]
438: [5, 6, 7, 4, 2, 1]
439: [5, 7, 1, 2, 4, 6]
440: [5, 7, 1, 2, 6, 4]
441: [5, 7, 1, 4, 2, 6]
442: [5, 7, 1, 4, 6, 2]
443: [5, 7, 1, 6, 2, 4]
444: [5, 7, 1, 6, 4, 2]
445: [5, 7, 2, 1, 4, 6]
446: [5, 7, 2, 1, 6, 4]
447: [5, 7, 2, 4, 1, 6]
448: [5, 7, 2, 4, 6, 1]
449: [5, 7, 2, 6, 1, 4]
450: [5, 7, 2, 6, 4, 1]
451: [5, 7, 4, 1, 2, 6]
452: [5, 7, 4, 1, 6, 2]
453: [5, 7, 4, 2, 1, 6]
454: [5, 7, 4, 2, 6, 1]
455: [5, 7, 4, 6, 1, 2]
456: [5, 7, 4, 6, 2, 1]
457: [5, 7, 6, 1, 2, 4]
458: [5, 7, 6, 1, 4, 2]
459: [5, 7, 6, 2, 1, 4]
460: [5, 7, 6, 2, 4, 1]
461: [5, 7, 6, 4, 1, 2]
462: [5, 7, 6, 4, 2, 1]
463: [6, 1, 2, 4, 5, 7]
464: [6, 1, 2, 4, 7, 5]
465: [6, 1, 2, 5, 4, 7]
466: [6, 1, 2, 5, 7, 4]
467: [6, 1, 2, 7, 4, 5]
468: [6, 1, 2, 7, 5, 4]
469: [6, 1, 4, 2, 5, 7]
470: [6, 1, 4, 2, 7, 5]
471: [6, 1, 4, 5, 2, 7]
472: [6, 1, 4, 5, 7, 2]
473: [6, 1, 4, 7, 2, 5]
474: [6, 1, 4, 7, 5, 2]
475: [6, 1, 5, 2, 4, 7]
476: [6, 1, 5, 2, 7, 4]
477: [6, 1, 5, 4, 2, 7]
478: [6, 1, 5, 4, 7, 2]
479: [6, 1, 5, 7, 2, 4]
480: [6, 1, 5, 7, 4, 2]
481: [6, 1, 7, 2, 4, 5]
482: [6, 1, 7, 2, 5, 4]
483: [6, 1, 7, 4, 2, 5]
484: [6, 1, 7, 4, 5, 2]
485: [6, 1, 7, 5, 2, 4]
486: [6, 1, 7, 5, 4, 2]
487: [6, 2, 1, 4, 5, 7]
488: [6, 2, 1, 4, 7, 5]
489: [6, 2, 1, 5, 4, 7]
490: [6, 2, 1, 5, 7, 4]
491: [6, 2, 1, 7, 4, 5]
492: [6, 2, 1, 7, 5, 4]
493: [6, 2, 4, 1, 5, 7]
494: [6, 2, 4, 1, 7, 5]
495: [6, 2, 4, 5, 1, 7]
496: [6, 2, 4, 5, 7, 1]
497: [6, 2, 4, 7, 1, 5]
498: [6, 2, 4, 7, 5, 1]
499: [6, 2, 5, 1, 4, 7]
500: [6, 2, 5, 1, 7, 4]
501: [6, 2, 5, 4, 1, 7]
502: [6, 2, 5, 4, 7, 1]
503: [6, 2, 5, 7, 1, 4]
504: [6, 2, 5, 7, 4, 1]
505: [6, 2, 7, 1, 4, 5]
506: [6, 2, 7, 1, 5, 4]
507: [6, 2, 7, 4, 1, 5]
508: [6, 2, 7, 4, 5, 1]
509: [6, 2, 7, 5, 1, 4]
510: [6, 2, 7, 5, 4, 1]
511: [6, 4, 1, 2, 5, 7]
512: [6, 4, 1, 2, 7, 5]
513: [6, 4, 1, 5, 2, 7]
514: [6, 4, 1, 5, 7, 2]
515: [6, 4, 1, 7, 2, 5]
516: [6, 4, 1, 7, 5, 2]
517: [6, 4, 2, 1, 5, 7]
518: [6, 4, 2, 1, 7, 5]
519: [6, 4, 2, 5, 1, 7]
520: [6, 4, 2, 5, 7, 1]
521: [6, 4, 2, 7, 1, 5]
522: [6, 4, 2, 7, 5, 1]
523: [6, 4, 5, 1, 2, 7]
524: [6, 4, 5, 1, 7, 2]
525: [6, 4, 5, 2, 1, 7]
526: [6, 4, 5, 2, 7, 1]
527: [6, 4, 5, 7, 1, 2]
528: [6, 4, 5, 7, 2, 1]
529: [6, 4, 7, 1, 2, 5]
530: [6, 4, 7, 1, 5, 2]
531: [6, 4, 7, 2, 1, 5]
532: [6, 4, 7, 2, 5, 1]
533: [6, 4, 7, 5, 1, 2]
534: [6, 4, 7, 5, 2, 1]
535: [6, 5, 1, 2, 4, 7]
536: [6, 5, 1, 2, 7, 4]
537: [6, 5, 1, 4, 2, 7]
538: [6, 5, 1, 4, 7, 2]
539: [6, 5, 1, 7, 2, 4]
540: [6, 5, 1, 7, 4, 2]
541: [6, 5, 2, 1, 4, 7]
542: [6, 5, 2, 1, 7, 4]
543: [6, 5, 2, 4, 1, 7]
544: [6, 5, 2, 4, 7, 1]
545: [6, 5, 2, 7, 1, 4]
546: [6, 5, 2, 7, 4, 1]
547: [6, 5, 4, 1, 2, 7]
548: [6, 5, 4, 1, 7, 2]
549: [6, 5, 4, 2, 1, 7]
550: [6, 5, 4, 2, 7, 1]
551: [6, 5, 4, 7, 1, 2]
552: [6, 5, 4, 7, 2, 1]
553: [6, 5, 7, 1, 2, 4]
554: [6, 5, 7, 1, 4, 2]
555: [6, 5, 7, 2, 1, 4]
556: [6, 5, 7, 2, 4, 1]
557: [6, 5, 7, 4, 1, 2]
558: [6, 5, 7, 4, 2, 1]
559: [6, 7, 1, 2, 4, 5]
560: [6, 7, 1, 2, 5, 4]
561: [6, 7, 1, 4, 2, 5]
562: [6, 7, 1, 4, 5, 2]
563: [6, 7, 1, 5, 2, 4]
564: [6, 7, 1, 5, 4, 2]
565: [6, 7, 2, 1, 4, 5]
566: [6, 7, 2, 1, 5, 4]
567: [6, 7, 2, 4, 1, 5]
568: [6, 7, 2, 4, 5, 1]
569: [6, 7, 2, 5, 1, 4]
570: [6, 7, 2, 5, 4, 1]
571: [6, 7, 4, 1, 2, 5]
572: [6, 7, 4, 1, 5, 2]
573: [6, 7, 4, 2, 1, 5]
574: [6, 7, 4, 2, 5, 1]
575: [6, 7, 4, 5, 1, 2]
576: [6, 7, 4, 5, 2, 1]
577: [6, 7, 5, 1, 2, 4]
578: [6, 7, 5, 1, 4, 2]
579: [6, 7, 5, 2, 1, 4]
580: [6, 7, 5, 2, 4, 1]
581: [6, 7, 5, 4, 1, 2]
582: [6, 7, 5, 4, 2, 1]
583: [7, 1, 2, 4, 5, 6]
584: [7, 1, 2, 4, 6, 5]
585: [7, 1, 2, 5, 4, 6]
586: [7, 1, 2, 5, 6, 4]
587: [7, 1, 2, 6, 4, 5]
588: [7, 1, 2, 6, 5, 4]
589: [7, 1, 4, 2, 5, 6]
590: [7, 1, 4, 2, 6, 5]
591: [7, 1, 4, 5, 2, 6]
592: [7, 1, 4, 5, 6, 2]
593: [7, 1, 4, 6, 2, 5]
594: [7, 1, 4, 6, 5, 2]
595: [7, 1, 5, 2, 4, 6]
596: [7, 1, 5, 2, 6, 4]
597: [7, 1, 5, 4, 2, 6]
598: [7, 1, 5, 4, 6, 2]
599: [7, 1, 5, 6, 2, 4]
600: [7, 1, 5, 6, 4, 2]
601: [7, 1, 6, 2, 4, 5]
602: [7, 1, 6, 2, 5, 4]
603: [7, 1, 6, 4, 2, 5]
604: [7, 1, 6, 4, 5, 2]
605: [7, 1, 6, 5, 2, 4]
606: [7, 1, 6, 5, 4, 2]
607: [7, 2, 1, 4, 5, 6]
608: [7, 2, 1, 4, 6, 5]
609: [7, 2, 1, 5, 4, 6]
610: [7, 2, 1, 5, 6, 4]
611: [7, 2, 1, 6, 4, 5]
612: [7, 2, 1, 6, 5, 4]
613: [7, 2, 4, 1, 5, 6]
614: [7, 2, 4, 1, 6, 5]
615: [7, 2, 4, 5, 1, 6]
616: [7, 2, 4, 5, 6, 1]
617: [7, 2, 4, 6, 1, 5]
618: [7, 2, 4, 6, 5, 1]
619: [7, 2, 5, 1, 4, 6]
620: [7, 2, 5, 1, 6, 4]
621: [7, 2, 5, 4, 1, 6]
622: [7, 2, 5, 4, 6, 1]
623: [7, 2, 5, 6, 1, 4]
624: [7, 2, 5, 6, 4, 1]
625: [7, 2, 6, 1, 4, 5]
626: [7, 2, 6, 1, 5, 4]
627: [7, 2, 6, 4, 1, 5]
628: [7, 2, 6, 4, 5, 1]
629: [7, 2, 6, 5, 1, 4]
630: [7, 2, 6, 5, 4, 1]
631: [7, 4, 1, 2, 5, 6]
632: [7, 4, 1, 2, 6, 5]
633: [7, 4, 1, 5, 2, 6]
634: [7, 4, 1, 5, 6, 2]
635: [7, 4, 1, 6, 2, 5]
636: [7, 4, 1, 6, 5, 2]
637: [7, 4, 2, 1, 5, 6]
638: [7, 4, 2, 1, 6, 5]
639: [7, 4, 2, 5, 1, 6]
640: [7, 4, 2, 5, 6, 1]
641: [7, 4, 2, 6, 1, 5]
642: [7, 4, 2, 6, 5, 1]
643: [7, 4, 5, 1, 2, 6]
644: [7, 4, 5, 1, 6, 2]
645: [7, 4, 5, 2, 1, 6]
646: [7, 4, 5, 2, 6, 1]
647: [7, 4, 5, 6, 1, 2]
648: [7, 4, 5, 6, 2, 1]
649: [7, 4, 6, 1, 2, 5]
650: [7, 4, 6, 1, 5, 2]
651: [7, 4, 6, 2, 1, 5]
652: [7, 4, 6, 2, 5, 1]
653: [7, 4, 6, 5, 1, 2]
654: [7, 4, 6, 5, 2, 1]
655: [7, 5, 1, 2, 4, 6]
656: [7, 5, 1, 2, 6, 4]
657: [7, 5, 1, 4, 2, 6]
658: [7, 5, 1, 4, 6, 2]
659: [7, 5, 1, 6, 2, 4]
660: [7, 5, 1, 6, 4, 2]
661: [7, 5, 2, 1, 4, 6]
662: [7, 5, 2, 1, 6, 4]
663: [7, 5, 2, 4, 1, 6]
664: [7, 5, 2, 4, 6, 1]
665: [7, 5, 2, 6, 1, 4]
666: [7, 5, 2, 6, 4, 1]
667: [7, 5, 4, 1, 2, 6]
668: [7, 5, 4, 1, 6, 2]
669: [7, 5, 4, 2, 1, 6]
670: [7, 5, 4, 2, 6, 1]
671: [7, 5, 4, 6, 1, 2]
672: [7, 5, 4, 6, 2, 1]
673: [7, 5, 6, 1, 2, 4]
674: [7, 5, 6, 1, 4, 2]
675: [7, 5, 6, 2, 1, 4]
676: [7, 5, 6, 2, 4, 1]
677: [7, 5, 6, 4, 1, 2]
678: [7, 5, 6, 4, 2, 1]
679: [7, 6, 1, 2, 4, 5]
680: [7, 6, 1, 2, 5, 4]
681: [7, 6, 1, 4, 2, 5]
682: [7, 6, 1, 4, 5, 2]
683: [7, 6, 1, 5, 2, 4]
684: [7, 6, 1, 5, 4, 2]
685: [7, 6, 2, 1, 4, 5]
686: [7, 6, 2, 1, 5, 4]
687: [7, 6, 2, 4, 1, 5]
688: [7, 6, 2, 4, 5, 1]
689: [7, 6, 2, 5, 1, 4]
690: [7, 6, 2, 5, 4, 1]
691: [7, 6, 4, 1, 2, 5]
692: [7, 6, 4, 1, 5, 2]
693: [7, 6, 4, 2, 1, 5]
694: [7, 6, 4, 2, 5, 1]
695: [7, 6, 4, 5, 1, 2]
696: [7, 6, 4, 5, 2, 1]
697: [7, 6, 5, 1, 2, 4]
698: [7, 6, 5, 1, 4, 2]
699: [7, 6, 5, 2, 1, 4]
700: [7, 6, 5, 2, 4, 1]
701: [7, 6, 5, 4, 1, 2]
702: [7, 6, 5, 4, 2, 1]
703: [1, 2, 4, 5, 6, 7]
704: [1, 2, 4, 5, 7, 6]
705: [1, 2, 4, 6, 5, 7]
706: [1, 2, 4, 6, 7, 5]
707: [1, 2, 4, 7, 5, 6]
708: [1, 2, 4, 7, 6, 5]
709: [1, 2, 5, 4, 6, 7]
710: [1, 2, 5, 4, 7, 6]
711: [1, 2, 5, 6, 4, 7]
712: [1, 2, 5, 6, 7, 4]
713: [1, 2, 5, 7, 4, 6]
714: [1, 2, 5, 7, 6, 4]
715: [1, 2, 6, 4, 5, 7]
716: [1, 2, 6, 4, 7, 5]
717: [1, 2, 6, 5, 4, 7]
718: [1, 2, 6, 5, 7, 4]
719: [1, 2, 6, 7, 4, 5]
720: [1, 2, 6, 7, 5, 4]
